TS_A02
48*35
6.1702*7.7128|0|0
-220,-50
Border: Solid




0

1|1|1|1|1|1|1|1|1|1|1|1,4,3|1|1|1|1|1|1|1|1|1|1|1|1|1|1|1|1|1|1|1|1|1|1|1|1|1|1|1|1|1|1|1|1|1|1|1,3|1|1|1|1|1|1|1|1|1|1|1|1|1|1|1|1|1|1|1|1|1|1|1|1|1|1|1|1|1|1|1|1|1|1|1,3|1|1|1|1|1|1|1|1|1|1|1|1|1|1|1|1|1|1|1|1|1|1|1|1|1|1|1|1|1|1|1|1|1|1|1,3|1|1|1|1|1|1|1|1|1|1|1|1|1|1|1|1|1|1|1|1|1|1|1|1|1|1|1|1|1|1|1|1|1|1|4,3,2,3,6|1|1|1|1|1|1|1|1|1|1|1|1|1|1|1|1|1|1|1|1|1|1|1|1|1|1|0,2,6|0,6|0,6|1|1|1|1|1|0,2,6|1|1|1|1|1|0,6|0|0|0,6|0|0|0|0|0,6|0|1|1|1|1|1|1|1|1|1|1|1|0,2,6|0,6|0,6|1|1|1|1|1|0,2,6|1|1|1|1|1|0,6|0|0|0,6|0|0|0|0|0,6|0|1|1|1|1|1|1|1|1|1|1|1|0,2,6|0,6|0,6|0,6|0|1|1|0|0,2|0|1|1|0|0|0|0|0|0,6|0|0|0|0|0,6|0|0|0,2|0,6|0,2,6|0,6|1|1|1|1|1|1|0,2,6|0,6|0,6|0,6|0|0|0,2|0|0,2|0|0,2|0|0|0|0|0|0|0,6|0|0|0|0|0,6|0|0|0,2|0,6|0,2,6|0,6|1|1|1|1|1|1|0,2,6|0,6|0,6|0,6|0|0|0,2|0|0,2|0|0,2|0|0|0|0|0|0|0,6|0|0|0|0|0|0|0|0,2|0,6|1|0,6|1|1|1|1|1|1|0,2,6|0,6|0,6|0,6|0|0|0,2|0|0,2|0|1|0|0|0|0|0|0|0,6|0|0|0|0|0|0|0|0,2|0,6|0,2,6|0,6|1|1|1|1|1|1|0,2,6|0,6|0,6|0,6|0|0|0,2|0|0,2|0|0,2|0|0|0|0|0|0|0|0|0|0|0|0,6|0|0|1|0,6|0,2,6|0,6|1|1|1|1|1|1|0,2,6|0,6|0,6|0,6|0|0|1|0|0,2|0|0|0|0|0|0|0|0|0|0|0|0|0|0|0|0|1|0,6|0,2,6|0,6|1|1|1|1|1|1|0,2,6|0,6|0,6|0,6|0|0|1|0|0,2|0|0|0|0|0|0|0|0|0|0|0|0|0|0|0|0|0,2|0,6|0,2,6|0,6|1|1|1|1|1|1|0,2,6|0,6|0,6|0,6|0|0|0,2|0|0,2|0|0|0|0|0|0|0|0|0|0|0|0|0|0,6|0|0|0|0,6|0,2,6|0,6|1|1|1|1|1|1|0,2,6|0,6|0,6|0,6|0|0|0|0|0,2|0|0,2|0|0|0|0|0|0|0|0|0|0|0|0,6|0|0|0|0,6|0,2,6|0,6|1|1|1|1|1|1|1|1|1|0,6|0|0|0|0|0,2|0|0,2|0|0|0|0|0|0|0,6|0|0|0|0|0|0|0|0|0,6|0,2,6|0,6|1|1|1|1|1|1|1|1|1|0,6|0|0|0|0|0,2|0|0,2|0|0|0|0|0|0|0|0|0|0|0|0|0|0|0,2|0,6|0,2,6|0,6|1|1|1|1|1|1|1|1|1|0,6|0|0|0|0|0,2|0|0,2|0|0|0|0|0|0|0,6|0|0|0|0|0|0|0|0,2|0,6|0,2,6|0,6|1|1|1|1|1|1|1|1|1|0,6|0|0|0|0|0,2|0|0,2|0|0|0|0|0|0|0,6|0|0|0|0|0|0|0|0,2|0,6|0,2,6|0,6|1|1|1|1|1|1|1|1|1|0,6|0|0|0|0|0,2|0|0,2|0|0|0|0|0|0|0|0|0|0|0|0|0|0|0,2|0,6|0,2,6|0,6|1|1|1|1|1|1|1|1|1|0,6|0|0|0,2|0|0,2|0|1|0|0|0|0|0|0|0|0|0|0|0|0|0|0|1|0,6|0,2,6|0,6|1|1|1|1|1|1|1|1|1|0,6|0|0|1|0|0,2|0|1|0|0|0|0|0|0|0|0|0|0|0|0|0|0|0,2|0,6|0,2,6|0,6|1|1|1|1|1|1|1|1|1|0,6|0|0|0,2|0|0,2|0|0,2|0|0|0|0|0|0|0|0|0|0|0|0|0|0|0,2|0,6|0,2,6|0,6|1|1|1|1|1|1|1|1|1|1|1|1|1|1|1|1|1|1|1|1|0|0|0|0|0|0|0|0|0|0|1|1|1|0,2,1,6|1|1|1|1|1|1|1|1|1|1|1|1|1|1|1|1|1|1|1|1|1|0,1|0,1|0,1|0,1|0,1|0,1|0,1|0,1|0,1|0,1|1|1|1|0,6|1|1|1|1|1|1|1|1|1|1|1|1|1|1|1|1|1|1|1|1|1|0|0|0|0|0|0|0|0|0|0|1|1|1|0,6|1|1|1|1|1|1|1|1|1|1|1|1|1|1|1|1|1|1|1|1|1|0,1|0,1|1|1|0,1|0,1|0,1|0,1|0,1|0,1|1|1|1|0,6|1|1|1|1|1|1|1|1|1|1|1|1|1|1|1|1|1|1|1|1|1|0|0|0|0|0|0|0|0|0|0|1|1|1|0,6|1|1|1|1|1|1|1|1|1|1|1|1|1|1|1|1|1|1|1|1|1|0,1|1|0,1|0,1|0,1|0,1|0,1|0,1|0,1|0,1|1|1|1|0,6|1|1|1|1|1|1|1|1|1|1|1|1|1|1|1|1|1|1|1|1|1|0|0|0|0|0|0|0|0|0|0|1|1|1|0,6|1|1|1|1|1|1|1|1|1|1|0,2,6|0|0|0|0|0|0|0|0|0|0|0|0|0|0|0|0|0|0|0|0|1|1|1|0,6|1|1|1|1|1|1|1|1|1|1|0,2,6|0,6|0|0|0|0|0|0|0|0|0|0|0|0|0|0|0|0|0|0,6|0|1|1|1|0,6|1|1|1|1|1|1|1|1|1|1|0,2,6|0,6|0,6|0|0|0|0|0|0|0|0|0|0|0|0|0|0|0|0|0,6|0|1|1|1|0,6|1|1|1|1|1,3|1,3|1,3|4,3,1,3,6|0,1,6|0,1,6|0,2,1,6|0,1,6|0,1,6|0,1,6|1|0,1|0|0|0|0|0|0|0|0|0|0|0|0|0|0|0|1|1|1|0,6|1|1|1|1|1|1|1|1|1|1|0,2,6|0,6|0,6|0,6|0,6|0|0|0|0|0|0|0|0|0|0|0|0|0|0|0,6|0|1|1|1|0,6|1|1|1|1|1|1|1|1|1|1|0,2,6|0,6|0,6|0,6|0,6|0,6|0|0|0|0|0|0|0|0|0,6|0|0|0|0|0|0|1|1|1|0,6|1|1|1|1|1|1|1|1|1|1|0,2,6|0,6|0,6|0,6|0,6|0,6|0,6|0|0|0|0|0|0|0|0|0|0|0|0|0|0|1|1|1|0,6|1|1|1|1|1,3,4|1,3|1,3|4,3,1,3,6|0,1,6|0,1,6|0,2,1,6|0,1,6|0,1,6|0,1,6|0,1,6|0,1,6|0,1,6|0,1,6|0,1|0,1|0,1|0|0|0|0|0|0,1|0,1|0,1|0,1|0,1|0,2,1,6|0,6|0,6|0,6|1|1|1|1|1|1|1|1|1|1|0,2,6|0,6|0,6|0,6|0,6|0,6|0,6|0,6|0,6|0|0|0|0|0|0|0|0|0|0|0|0|1|1|1|1|1|1|1|1|1|1|1|1|1|1|0,2,6|0,6|0,6|0,6|0,6|0,6|0,6|0,6|0,6|0,6|0|0|0|0|0|0|0|0|0|0,6|0|1|1|1|1|1|1|1|1|1|1|1|1|1|1|0,2,6|0,6|0,6|0,6|0,6|0,6|0,6|0,6|0,6|0,6|0,6|0|0|0|0|0|0|0|0|0,6|0|1|1|1|1|1|1|1|1|1,3|1,3|1,3|4,3,1,3,6|0,1,6|0,1,6|0,2,1,6|0,1,6|0,1,6|0,1,6|0,6|0,6|0,6|0,6|0,6|0,6|0,6|0,6|0|0|0,6|0|0|0|0|0,6|0|0,6|0,6|4,3,3,6|1,3|1,3|1,3|1,3|1,3|1|1|1|1|1|1|0,2,6|0,6|0,6|0,6|0,6|0,6|0,6|0,6|0,6|0,6|0,6|0,6|0,6|0|0,6|0|0|0|0|0,6|0|1|1|1|1|1|1|1|1|1|1|1|1|1|1|0,2,6|0,6|0,6|0,6|0,6|0,6|0,6|0,6|0,6|0,6|0,6|0,6|0,6|0,6|0,6|0|0|0|0|0,6|0|1|1|1|1|1|1|1|1|1|1|1|1|1|1|1|1|1|0,1,6|0,1,6|0,1,6|0,1,6|0,1,6|0,1,6|0,1,6|0,1,6|0,1,6|0,1,6|0,1,6|1|1|1|1|1|1|1|1|1|1|1|1|1|1|1|1|1|1|1|1|1|1|1|1|1|1|1|1|1|1|1|1|1|1|1|1|1|1|1|1|1|1|1|1|1|1|1|1|1|1|1|1|1|1|1|1|1|1|1|1|1|1|1|1|1|1|1|1|1|1|1|1|1|1|1|1|1|1|1|1|1|1|1|1|1|
camera angles:132.5622,0.6638;-138.1234,0.6533;-54.6980,0.3046;41.7921,0.3116
