TS_A09
48*35
6.0791*7.9401|0|0
-235,-41
Border: Solid




0

1|1|1|1|1|1|1|1|1|1|1|1|1|1|1|1|1|1|1|1|1|1|1|1|1|1|1|1,4,3|1|1|1,3|1|1|1,3|1|1|1|1|1|1|1|1|1|1|1|1|1|1|1|1|1|1|1|1|1|1|1|1|1|1|1|1|1,3|1|1|1,3|1|1|1,3|1|1|1|1|1|1|1|1|1|1|1|1|1|1|1|1|1|1|1|1|1|1|1|1|1|1|1|1|1,3|1|1|1,3|1|1|1,3|1|1|1|1|1|1|1|1|1|1|1|1|1|1|1|1|1|1|1|1|1|1|1|1|1|1|1|1|1,3|1|1|1,3|1|1|1,3|1|1|1|1|1|1|1|1|1|1|1|1|1|1|1|1|1|1|1|1|1|1|1|1|1|1|1|1|1,3|1|1|1,3|1|1|1,3|1|1|1|1|1|1|1|1|1|1|1|1|1|1|1|1|1|1|1|1|1|1|1|1|1|1|1|1|4,3,6|1|1|1,3|1|1|1,3|1|1|1|1|1|1|1|1|1|1|1|1|1|1|1|1|1|1|1|1|1|1|1|1|1|1|1|1|0,6|1|1|1,3|1|1|1,3|1|1|1|1|1|1|1|1|1|1|1|1|1|1|1|1|1|1|1|1|1|1|1|1|1|1|1|1|0,6|1|1|4,3,6|1|1|1,3|1|1|1|1|1|1|1|1|0,6|1|1|0,6|1|0,6|0,6|1|0,6|0,6|1|0,6|1|1|0,6|1|1|1|1|1|0,6|1|1|0,6|1|1|1,3|1|1|1|1|1|1|1|1|0,6|1|1|0,6|0,2,6|0,6|0|1|0,6|0|0,2,6|0|1|0|0,6|1|1|1|1|1|0,6|1|1|0,6|1|1|1,3|1|1|1|1|1|1|1|1|0,6|0,2,6|1|0,6|0,2,6|0,6|0|0,2,6|0,6|0|0,2,6|0|0,2,6|0|0,6|1|1|1|1|1|0,6|1|1|0,6|1|1|4,3,6|1|1|1|1|1|1|1|1|0,6|0,2,6|1|0,6|0,2,6|0,6|0|0,2,6|0,6|0|0,2,6|0|0,2,6|0|0,6|1|1|1|1|1|0,6|1|1|0,6|1|1|0,6|1|1,3,4|1,3|1,3|4,3,6|0,6|0,6|0,2,1,6|0,1,6|0,2,1,6|0|0,6|0,2,6|0,6|0|0,2,6|0,6|0|0,6|0|0,2,1,6|0,1,6|0,1,6|0,2,1,6|0,6|0,6|0,6|0,6|0,6|1|1|0,6|1|1|0,6|1|1|1|1|1|1|1|1|0,6|0,2|0|0,6|0,6|0,6|0|0,2,6|0,6|0|0,6|0|0,2|0|0,6|1|1|1|1|1|1|1|1|0,6|1|1|0,6|1|1|1|1|1|1|1|1|0,6|0,2|0|0,6|0,6|0,6|0|1|0,6|0|0,6|0|0,2|0|0,6|1|1|1|1|1|1|1|1|0,6|1|1|0,6|1|1,3|1,3|1,3|4,3,6|0,6|0,6|0,2,1,6|0,1,6|0,2,1|0,1|0,6|0,6|0,6|0|1|0,6|0|0,6|0|1|0,1|0,1,6|0,2,1,6|0,6|0,6|0,6|0,6|0,6|0,6|0,6|0,6|1|1|0,6|1|1|1|1|1|1|1|1|0,6|0,2|0|0,6|0,6|0,6|0|0,2,6|0,6|0|0,6|0|0,2|0|0,6|1|1|1|1|1|1|1|1|1|1|1|0,6|1|1|1|1|1|1|1|1|0,6|0,2|0|0,6|0,6|0,6|0|0,2,6|0,6|0|0,6|0|0|0|0,6|1|1|1|1|1|1|1|1|1|1|1|0,6|1|1,3,5|1,3|1,3|4,3,6|0,6|0,6|0,2,1,6|0,1,6|0,2,1,6|0,1,6|1|0,1,6|0,6|0|0,6|0,6|0|0,6|0,1,6|0,1,6|0,1,6|0,1,6|0,2,1,6|0,6|0,6|0,6|0,6|0,6|0,6|0,6|0,6|0,6|0,6|0,6|1|1|1|1|1|1|1|1|0,6|0,2,6|0,6|0|0,6|0,6|0|0,6|0,6|0,6|0,6|0|0,6|0,6|0,6|1|1|1|1|1|1|1|1|1|1|1|1|1|1|1|1|1|1|1|1|0,6|0,6|0,6|0|0,6|0,6|0|0,6|0,6|0,6|0,6|0|0,6|0,6|0,6|1|1|1|1|1|1|1|1|1|1|1|1|1|1|1|1|1|1|1|1|0,6|0,6|0,6|0|0,6|0,6|0|0|0|0,6|0,6|0|0,6|0,6|0,6|1|1|1|1|1|1|1|1|1|1|1|1|1|1|1|1|1|1|1|1|0,6|0,6|0,6|0|0,6|0,6|0|0|0|0,6|0,6|0|0,2,6|0,6|0,6|1|1|1|1|1|1|1|1|1|1|1|1|1|1|1|1|1|1|1|1|0,6|0,6|0,6|0|0,6|0,6|0|0|0|0,6|0,6|0|1|0,6|0,6|1|1|1|1|1|1|1|1|1|1|1|1|1|1|1|1|1|1|1|1|0,6|0,2,6|0,6|0|0,6|0,6|0|0|0|0,6|0,6|0|0,2,6|0,6|0,6|1|1|1|1|1|1|1|1|1|1|1|1|1|1|1|1|1|1|1|1|0,6|1|0,6|0|0,2,6|0,6|0|0|0|0,6|0,6|0|1|0,6|0,6|1|1|1|1|1|1|1|1|1|1|1|1|1|1|1|1|1|1|1|1|0,6|0,2,6|0,6|0|1|0,6|0|0|0|0,6|0,6|0|0,2,6|0,6|0,6|1|1|1|1|1|1|1|1|1|1|1|1|1|1|1|1|1|1|1|1|0,6|0,2,6|0,6|0|1|0,6|0|0|0|0,6|0,2,6|0|0,2,6|0,6|0,6|1|1|1|1|1|1|1|1|1|1|1|1|1|1|1|1|1|1|1|1|0,6|0,2,6|0,6|0|0,2,6|0,6|0|0|0|0,6|1|0|0,2,6|0,6|0,6|1|1|1|1|1|1|1|1|1|1|1|1|1|1|1|1|1|1|1|1|0,6|0,2,6|0,6|0|0,2,6|0,6|0|0|0|0,6|0,2,6|0|0,2,6|0,6|0,6|1|1|1|1|1|1|1|1|1|1|1|1|1|1|1|1|1|1|1|1|0,6|1|0,6|0|0,2,6|0,6|0|0,2|0|0,6|0,2,6|0|1|0,6|0,6|1|1|1|1|1|1|1|1|1|1|1|1|1|1|1|1|1|1|1|1|0,6|1|0,6|0|0,2,6|0,6|0|0,2|0|0,6|0,2,6|0|1|0,6|0,6|1|1|1|1|1|1|1|1|1|1|1|1|1|1|1|1|1|1|1|1|0,6|1|0,6|0|0,2,6|0,6|0|0,2|0|0,6|1|0|1|1|0,6|1|1|1|1|1|1|1|1|1|1|1|1|1|1|1|1|1|1|1|1|0,6|1|1|0,6|0,2,6|0,6|0,6|0,2,6|0,6|0,6|0,2,6|0,6|1|1|0,6|1|1|1|1|1|1|1|1|1|1|1|1|1|1|1|1|1|1|1|1|1|1|1|1|0,2,1,6|1|1|0,2,1,6|1|1|0,2,1,6|1|1|1|1|1|1|1|1|1|1|1|1|1|1|1|1|1|1|1|1|1|1|1|1|1|1|1|1|0,6|1|1|0,6|1|1|0,6|1|1|1|1|1|1|1|1|1|1|1|1|1|1|1|1|1|1|1|1|1|1|1|1|1|1|1|1|0,6|1|1|0,6|1|1|0,6|1|1|1|1|1|1|1|1|1|1|1|1|1|1|1|1|1|1|1|1|1|1|1|1|1|1|1|1|0,6|1|1|0,6|1|1|0,6|1|1|1|1|1|1|1|1|1|1|1|1|1|1|1|1|1|1|1|1|1|1|1|1|1|1|1|1|0,6|1|1|0,6|1|1|0,6|1|1|1|1|1|1|1|1|1|1|1|1|1|1|1|1|1|1|1|1|1|1|1|1|1|1|1|1|0,6|1|1|0,6|1|1|0,6|1|1|1|1|1|1|1|1|1|1|1|1|1|1|1|1|1|1|1|1|1|1|1|1|1|1|1|1|0,6|1|1|0,6|1|1|0,6|1|1|1|1|1|1|1|1|1|1|1|1|1|1|1|1|1|1|1|1|1|1|1|1|1|1|1|1|4,3,6|1|1|4,3,6|1|1|4,3,6|1|1|1|1|1|1|1|1|1|1|1|1|1|1|1|1|1|1|1|1|1|1|1|1|1|1|1|1|1,3|1|1|1,3|1|1|1,3|1|1|1|1|1|1|1|1|1|1|1|1|1|1|1|1|1|1|1|1|1|1|1|1|1|1|1|1|1,3|1|1|1,3|1|1|1,3|1|1|1|1|1|1|1|1|1|1|1|1|1|1|1|1|1|1|1|1|1|1|1|1|1|1|1|1|1,3|1|1|1,3|1|1|1,3|1|1|1|1|1|1|1|1|1|1|1|1|1|1|1|1|1|1|1|1|1|1|1|1|1|1|1|1|1,3|1|1|1,3|1|1|1,3|1|1|1|1|1|1|1|1|1|1|1|1|1|1|1|1|1|1|1|1|1|1|1|1|1|1|1|1|1,3|1|1|1,3|1|1|1,3|1|1|1|1|1|1|1|1|1|1|1|1|1|1|1|1|1|1|1|1|1|1|1|1|1|1|1|1|1,3|1|1|1,3,4|1|1|1,3|1|1|1|1|1|1|1|1|1|1|1|1|1|1|1|1|1|
camera angles:135.6052,0.5812;147.8279,0.5054;138.1208,0.3563;123.1912,0.5531
