TS_A05
50*37
6.1693*7.5974|0|0
-199,-31
Border: Solid




0

1|1|1|1|1|1|1|1|1|1|1|1|1|1|1|1|1|1|1|1|1|1|1|1|1|1|1|1|1|1|1|1|1|1|1|1|1|1|1|1|1|1|1|1|1|1|1|1|1|1|1|1|1|1|1|1|1|1|1|1|1|1|1|1|1|1|1|1|1|1|1|1|1|1|1|1|1|1|1|0,6|0,6|0,6|0,6|0,6|0,6|0,6|0,6|0,6|0,6|0,6|0,6|0,6|0,6|0,6|0,6|0,6|0,6|0,6|0,6|0,6|0,6|0,6|0,6|0,6|1|1|1|1|1|1|1|1,4,3|1,3|1,3|4,3,1,3,6|0,1,6|0,1,6|0,1,6|0,1,6|0,1,6|0,1,6|0,1,6|0,1,6|1|1|1|1|1|1|0,1,6|0,1,6|0,1,6|0,1,6|1|1|0,1,6|0,1,6|0,1,6|0,1,6|0,1,6|0,1,6|0,2,1,6|0,6|4,3,3,6|1,3|1,3|1,4,3|1|1|1|1|1|1|0,6|0,6|0,6|0,6|0,6|0,6|0,6|1|1|1|1|1|1|0,6|0,6|0,6|0,6|0,6|0,6|0,6|0,6|0,6|0,6|0,6|0,6|1|1|1|1|1|1|1|1|1|1|1|1|0|0|0|0|0|0|0|1|1|1|1|1|1|0|0|0|0|0|0|0|0|0|0|0|0|1|1|1|1|1|1|1|1,3|1,3|1,3|4,3,1,3,6|0,1,6|0,1|0,1|0,1|1|1|0,1|0,1|1|1|1|1|1|1|0,1|0,1|0,1|0,1|0,1|0,1|0,1|0,1|0,1|0,1|0,1|0,1|0,2,1,6|0,6|0,6|1|1|1|1|1|1|1|1|1|0|0|0,6|0,6|0|0|0|0|1|0|0|1|0|0|0|0|0|0|0|0,6|0|0|0,6|0,6|0|1|1|0,6|1|1|1|1|1|1|1|1|1|0|0|0|0|0|0|0|0|0,2|0|0|0,2|0|0|0|0|0|0|0|0|0|0|0|0|0|1|1|0,2,1,6|1|1|1|1|1|1|1|1|0|0|0|0|0|0|0|0|0|0,2|0|0|0,2|0|0|0|0|0|0|0|0|0|0|0|0|0|0|0|0,2|0|1|0,6|1|1|1|1|1|0|0|0|0|0|0|0|0|0|0,2|0|0|0|0|0|0|0|0|0|0|0|0|0|0|0|0|0|0|0,2|0|1|0,6|1|1|0,2,6|0,6|0,2|0|0|0|0|0|0|0|0|0|0,2|0|0|0|0|0|0|0|0|0|0|0|0|0|0|0|0|0|0|0,2|0|0,2|0,6|1|1|0,2,6|0,6|0,2|0,6|0|0|0|0|0|0|0|0|0,2|0|0|0|0|0|0|0|0|0|0|0|0|0|0|0|0|0,6|0|0,2|0|0,2|0,6|1|1|0,2,6|0,6|0,2|0|0|0|0|0|0|0|0|0|0,2|0|0|0|0|0|0|0|0|0|0|0|0|0|0|0|0|0,6|0|0,2|0|0,2|0,6|1|1|0,2,6|0,6|0,2|0|0|0|0|0|0|0|0|0|0,2|0|0|0|0|0|0|0|0|0|0|0|0|0|0|0|0|0,6|0|0,2|0|0,2|0,6|1|1|0,2,6|0,6|0,2|0,6|0|0|0|0|0|0|0|0|0,2|0|0|0|0|0|0|0|0|0|0|0|0|0|0|0|0|0,6|0|0,2|0|0,2|0,6|1|1|0,2,6|0,6|1|0,6|0|0|0|0|0|0|0|0|0|0|0|0|0|0|0|0|0|0|0|0|0|0|0|0|0|0,6|0|1|0,6|0,2|0,6|1|1|0,2,6|0,6|0,2|0|0|0|0|0|0|0|0|0|0|0|0|0|0|0|0|0|0|0|0|0|0|0|0|0|0|0|0|1|0|0|0,6|1|1|0,2,6|0,6|0,2|0|0|0|0|0|0|0|0|0|0|0|0|0|0|0|0|0|0|0|0|0|0|0|0|0|0|0,6|0|0,2|0,6|0|0,6|1|1|0,2,6|0,6|0|0|0|0|0|0|0|0|0|0|0|0|0|2|1|2|0|0|0|0|0|0|0|0|0|0|0|0|0|0,2|0,6|0|0,6|1|1|0,2,6|0,6|0,6|0,6|0|0|0|0|0|0|0|0|2|1|0|1|1|1|0|1|2|0|0|0|0|0|0|0|0|0|0|0|0|0|0,6|1|1|0,2,6|0,6|0,6|0,6|0|0|0|0|0|0|0|2|1|1|1|1|1|1|1|1|1|2|0|0|0|0|0|0|0|0|0|0|0|0|0,6|1|1|0,2,6|0,6|0,6|0,6|0|0|0|0|0|0|0|1|1|1|1|1|1|1|1|1|1|1|0|0|0|0|0|0|0|0|0|0|0|0|0,6|1|1|0,2,6|0,6|0,6|0,6|0|0|0|0|0|0|0|0|1|1|1|1|1|1|1|1|1|0|0|0|0|0|0|0|0|0|0|0|0|0|0,6|1|1|0,2,6|0,6|0,6|0,6|0|0|0|0|0|0|2|1|1|1|1|1|1|1|1|1|1|1|2|0|0|0|0|0|0|0|0|0|0|0|0,6|1|1|0,2,6|0,6|0,6|0,6|0|0|0|0|0|0|1|1|1|1|1|1|1|1|1|1|1|1|1|0|0|0|0|0|0|0|0|0|0|0|0,6|1|1|0,2,6|0,6|0|0|0|0|0|0|0|0|2|1|1|1|1|1|1|1|1|1|1|1|2|0|0|0|0|0|0|0|0|0|0|0|0,6|1|1|0,2,6|0,6|0|0|0|0|0|0|0|0|0|0|1|1|1|1|1|1|1|1|1|0|0|0|0|0|0|0|0|0|0|0|0|0,2|0,6|1|1|0,2,6|0,6|0|0|0|0|0|0|0|0|0|1|1|1|1|1|1|1|1|1|1|1|0|0|0|0|0|0|0|0,6|0|0|0|0,2|0,6|1|1|0,2,6|0,6|0|0|0|0|0|0|0|0|0|2|1|1|1|1|1|1|1|1|1|2|0|0|0|0|0|0|0|0,6|0|0|0|0,2|0,6|1|1|0,2,6|0,6|0|0|0|0|0|0|0|0|0|0|2|1|0|1|1|1|0|1|2|0|0|0|0|0|0|0|0|0|0|0|0|0,2|0,6|1|1|0,2,6|0,6|0|0|0|0|0|0|0|0|0|0|0|0|0|2|1|2|0|0|0|0|0|0|0|0|0|0|0|0|0|0,2|0|0,2|0,6|1|1|0,2,6|0,6|0|0,6|0|0|0|0|0|0|0|0|0|0|0|0|0|0|0|0|0|0|0|0|0|0|0|0|0|0|0|0,2|0|0,2|0,6|1|1|0,2,6|0,6|0,2|0,6|0|0|0|0|0|0|0|0|0|0|0|0|0|0|0|0|0|0|0|0,2|0|0|0|0|0|0,6|0,6|0,2,6|0,6|1|0,6|1|1|0,2,6|0,6|0,2|0,6|0|0|0|0|0|0|0|0|0|0|0|0|0|0|0|0|0|0|0|0,2|0|0|0|0|0|0,6|0,6|0,2,6|0,6|0,2|0,6|1|1|0,2,6|0,6|1|0,6|0|0|0|0|0|0|0|0|0|0|0|0|0|0|0|0|0|0|0|0,2|0|0|0|0|0|0,6|0,6|0,2,6|0,6|0,2|0,6|1|1|0,2,6|0,6|0,2|0,6|0|0|0|0|0|0|0|0|0|0|0|0|0|0|0|0|0|0|0|0,2|0|0|0|0|0|0,6|0,6|0,2,6|0,6|0,2|0,6|1|1|0,2,6|0,6|0,2|0|0|0|0|0|0|0|0|0|0|0|0|0|0|0|0|0|0|0|0|0,2|0|0|0|0|0|0,6|0,6|0,2,6|0,6|0,2|0,6|1|1|0,2,6|0,6|0,2|0,6|0|0|0|0|0|0|0|0|0|0|0|0|0|0|0|0|0|0|0|0,2|0|0|0|0|0|0|0|0,2|0|0,2|0,6|1|1|0,2,6|0,6|0,2|0|0|0|0|0|0|0|0|0|0|0|0|0|0|0|0|0|0|0|0|0,2|0|0|0|0|0|0|0|0,2|0|0,2|0,6|1|1|0,2,6|0,6|1|0|0|0|0|0|0|0|0|0|0|0|0|0|0|0|0|0|0|0,2|0|0,2|0|0|0|0|0|0|0|0,2|0|0,2|0,6|1|1|0,2,6|0,6|1|0|0|0|0|0|0|0|0|0|0|0|0|0|0|0|0|0|0|0,2|0|0,2|0|0|0|0|0|1|1|0,2,1,6|1|0,2,6|1|1|1|0,2,1,6|1|1|1|1|1|1|0|0|0,6|0,6|0|0|0|0|0|0|0|0|0|0|1|0|1|0|0,6|0|0|0|1|1|0,6|1|4,3,2,3,6|1|1|1|0,6|1|1|1|1|1|1|1|1|0,1|0,1|0,1|0,1|0,1|0,1|0,1|0,1|0,1|0,1|0,1|1|1|1|1|1|0,1|0,1|0,1|1|1|1|0,6|1|1,3|1|1|1|0,6|1|1|1|1|1|1|0|0|0|0|0|0|0|0|0|0|0|0|0|1|1|1|1|1|0|0|0|0|1|1|0,6|1|1,3|1|1|1|0,6|1|1|1|1|1|1|0,6|0,6|0,6|0,6|0,6|0,6|0,6|0,6|0,6|0,6|0,6|0,6|0,6|1|1|1|1|1|0,6|0,6|0,6|0,6|1|1|0,6|1|1,3|1|1|1|0,6|1|1|1|1|1|1|1|0,1,6|0,1,6|0,1,6|0,1,6|1|0,1,6|0,1,6|0,1,6|0,1,6|0,1,6|0,1,6|0,1,6|1|1|1|1|1|0,1,6|0,1,6|0,1,6|0,1,6|0,2,1,6|0,6|0,6|1|1,3|1|1|1|0,6|1|1|1|1|1|1|0,6|0,6|0,6|0,6|0,6|0,6|0,6|0,6|0,6|0,6|0,6|0,6|0,6|0,6|0,6|0,6|0,6|0,6|0,6|0,6|0,6|0,6|1|1|1|1|1,3|1|1|1|0,6|0,6|0,6|0,6|0,6|0,6|0,2,1,6|0,1,6|0,1,6|0,1,6|0,1,6|0,1,6|0,1,6|0,1,6|0,1,6|0,1,6|0,1,6|0,1,6|0,1,6|0,1,6|0,1,6|0,1,6|0,1,6|0,1,6|0,1,6|0,1,6|0,1,6|0,1,6|0,1,6|1|1|1|1|1,3|1|1|1|1|1|1|1|1|1|1|1|1|1|1|1|1|1|1|1|1|1|1|1|1|1|1|1|1|1|1|1|1|1|1|1|1|1,4,3|1|1|
camera angles:137.4625,0.4266;148.6999,0.3386;24.6487,0.4518;45.6965,0.5253
