TS_E03: 470,3300,48,190
GATE_TS_ZN: 640,3232,48,35
TS_ZHALL: 514,3270,152,35
TS_D08: 400,3258,100,75
TS_D04: 192,3299,204,35
TS_ROOST: 90,3300,100,35
TS_AI: 633,1960,48,36
TS_E04: 634,3697,48,193
TS_B02: 489,4405,100,35
TS_E07: 660,4283,256,33
TS_A03: 607,4284,48,35
TS_A02: 601,4325,48,35
TS_B01: 547,4327,48,75
TS_S02: 689,4240,48,35
TS_I01: 549,4133,154,119
TS_E02: 513,4092,256,35
TS_S_TOP: 426,102,48,35
TS_LAB03: 960,3822,48,35
TS_INT_HEART: 156,995,152,115
TS_INT3: 132,1185,152,33
TS_IN_5: 208,4366,48,35
TS_E01: 286,4367,256,35
TS_SH_IN: 189,1225,48,35
TS_INT1: 46,1223,152,35
TS_INT_ONEWAY: 98,1261,48,275
TS_IN_6: 80,961,48,35
TS_H01: 103,4105,204,74
TS_B07: 54,4038,48,76
TS_B06: 28,3961,48,75
TS_D01: 82,3906,100,73
TS_S_SPS: 10,3925,48,35
TS_C08: 185,3888,152,34
TS_CPU: 331,3844,156,122
TS_SECRET: 389,2282,48,35
TS_E05: 272,3968,256,35
TS_F02: 347,4040,48,235
TS_A11: 296,4029,48,35
TS_A05: 457,4075,50,37
TS_A09: 448,4131,48,35
TS_C13: 399,4154,48,115
TS_A04: 551,4282,48,35
TS_S01: 559,4439,48,35
TS_A01: 469,4437,48,35
GATE_TX_TS: 447,4473,48,35
TS_F03: 1032,4034,100,116
TS_C03_V2: 1134,4101,48,113
TS_C04: 1151,3981,48,113
TS_C05: 977,4021,48,113
TS_D10: 977,4132,48,155
TS_B04: 1044,4204,48,75
TS_C02: 919,4139,48,113
TS_C01: 809,4090,152,35
TS_LAB14: 1066,3941,48,35
TS_LAB15: 899,3905,48,35
TS_LAB02: 847,3822,104,76
TS_C07: 680,3873,152,35
TS_S_LAB: 846,3905,48,35
TS_C06: 484,3875,152,35
TS_L01: 583,3536,152,157
TS_D09: 467,3495,204,35
TS_D11: 1044,4325,104,78
TS_B03: 995,4288,100,33
TS_B10: 1103,4247,48,75
TS_B11: 614,3973,48,75
TS_A10: 927,4288,48,35
TS_LAB11: 1064,3905,48,33
TS_LAB10: 1009,3904,48,35
TS_LAB06: 956,3862,48,33
TS_LAB04: 1012,3823,48,35
TS_LAB05: 1065,3823,48,38
TS_LAB07: 1011,3863,48,35
TS_LAB08: 1065,3864,48,35
TS_LAB09: 953,3904,48,35
TS_LAB12: 952,3942,48,33
TS_LAB13: 1011,3943,48,33
TS_LAB01: 900,3943,48,34
TS_ARC_C01: 991,3982,152,34
