TS_ARC_C01
152*34
5.2333*5.7453|0|0
-189,-50|820,-50|1829,-50
Border: Solid




0

1|1|1|1|1|1|1|1|1|1|1|1|1|1|1,3|1|1|1,3,4|1|1|1,3|1|1|1|1|1|1|1|1|1|1|1|1|1|1|1|1|1|1|1|1|1|1|1|1|1|1|1|1,3|1|1|1,3|1|1|1,3|1|1|1|1|1|1|1|1|1|1|1|1|1|1|1|1|1|1|1|1|1|1|1|1|1|1|1|4,3,6|1|1|4,3,6|1|1|4,3,6|1|1|1|1|1|1|1|1|1|1|1|1|1|1|1|1|1|1|0,6|0,6|0,6|0,6|0,6|0,6|1|1|1|0,6|1|1|0,6|1|1|0,6|1|1|1|0,6|0,6|0,6|0,6|0,6|1|1|1|1|1|1|1|1|1|1|1|1|0,1,6|0,1,6|0,1,6|0,1,6|1|1|1|0,6|1|1|0,6|1|1|0,6|1|1|1|0,1,6|0,1,6|0,1,6|0,1,6|1|1|1|1|1|1|1|1|1|1|1|0|0|0|0|0|0|1|1|1|0,2,1,6|1|1|0,2,1,6|1|1|0,2,1,6|1|1|1|0|0|0|0|0|0,6|1|1|1|1|1|1|1|1|1|0,1|0,1|0|1|1|0|0|0|0|0,2|0|0|0,2|0|0|0,2|0|0|0|0|1|1|0,1|0,1|0,1,6|1|1|1|1|1|1|1|1|0,6|0|0|0|1|1|0|0|0|0|0|0|0|0,2|0|0|0|0|0|0|0|1|1|0|0|0,6|1|1|1|1|1|1|1|1|0,6|0|0|0|1|1|0|0|0|0|0|0|0|0,2|0|0|0|0|0|0|0|1|1|0|0|0,6|1|1|1|1|1|1|1|1|0,1,6|0,1,6|0,1,6|0,1|1|1|0,1|0|0|0|0|0|0|0,2|0|0|0|0|0,1|0,1|0,1|1|1|0,1,6|0,1,6|0,1,6|1|1|1|1|1|1|1|0,6|0,6|0,6|0,6|0,6|0|0|0|0|0|0|0|0|0|0,2|0|0|0|0|0|0|0|0,6|0,6|0,6|0,6|0,6|0,6|1|1|1|1|1|1|0,6|0,6|0,6|0,6|0|0|0|0|0|0|0|0|0|0|0|0|0|0|0|0|0|0|0|0,6|0,6|0,6|0,6|0,6|1|1|1|1|1|1|0,6|0,6|0|0|0|0|0|0|0|0|0|0|0|0|0|0|0|0|0|0|0|0|0|0|0|0|0,6|0,6|1|1|1|1|1|1|1|1|1|1|1|1|2|0|0|0|0|0|0|0|0|0|0|0|0|0|0|0|0|0|0|2|1|1|1|1|1|1|1|1|1|1|1|1|1|1|1|0,1|0,1|0,1|0,1|0,1|0|0|0|0|0|0|0|0,1|0,1|0,1|0,1|0,1|0,1|1|1|1|1|1|1|1|1|1|1|1|1|1|1|1|2|0|0|0|0|0|0|0|0|0|0|0|0|0|0|0|0|0|0|2|1|1|1|1|1|1|1|1|0,6|0,6|0|0|0|0|0|0|0|0|0|0|0|0|0|0|0|0|0|0|0|0|0|0|0|0|0,6|0,6|1|1|1|1|1|1|1|1|2|0|0|0|0|0|0|0|0|0|0|0|0|0|0|0|0|0|0|2|1|1|1|1|1|1|1|1|1|1|1|1|1|1|1|0,1|0,1|0,1|0,1|0,1|0|0|0|0|0|0|0|0|0,1|0,1|0,1|0,1|0,1|1|1|1|1|1|1|1|1|1|1|1|1|1|1|1|2|0|0|0|0|0|0|0|0|0|0|0|0|0|0|0|0|0|0|2|1|1|1|1|1|1|1|1|1|1|1|1|0,6|0,6|0|0|0|0|0|0|0|0|0|0|0|0|0|0|0|0|0|0|0|0|0|0|0|0|0,6|0,6|1|1|1|1|1|1|1|1|1|1|1|1|1|1|2|0|0|0|0|0|0|0|0|0|0|0|0|0|0|2|1|1|1|1|1|1|1|1|1|1|1|1|1|1|1|1|1|1|1|0,1|0,1|0,1|0|0|0|0|0|0|0,1|0,1|0,1|0,1|0,1|1|1|1|1|1|1|1|1|1|1|1|1|1|1|1|1|1|1|1|2|0|0|0|0|0|0|0|0|0|0|0|0|0|0|2|1|1|1|1|1|1|1|1|1|1|0,6|0,6|0|0|0|0|0|0|0|0|0|0|0|0|0|0|0|0|0|0|0|0|0|0|0|0|0,6|0,6|1|1|1|1|1|1|0,6|0,6|0|0|0|0|0|0|0|0|0|0|0|0|0|0|0|0|0|0|0|0|0|0|0|0,6|0,6|0,6|1|1|1|1|1|1|0,6|0,6|0,6|0|0|0|0|0|0|0|0|0|0|0|0|0|0|0|0|0|0|0|0|0|0,6|0,6|1|1|1|1|1|1|1|1|0,6|0,6|0|0|0|0|0|0|0|0|0|0|0|0|0|0|0|0|0|0|0|0|0|0|0|0,6|1|1|1|1|1|1|1|1|0,6|0,6|0|0|0|0|0|0|0|0|0|0|0|0|0|0|0|0|0|0|0|0|0|0|0|0|1|1|1|1|1|1|1|1|1|1|1|1|0|0|0|0|0|0|0|0|0|0|0|0|0|0|0|0|0|0|0|0|0|0|1|1|1|1|1|1|1|1|1|1|1|1|0,1|0,1|1|1|0,1|0|0|0|0|0|0|0|0|0|0|0,1|0,1|1|1|1|0,1|0,1|1|1|1|1|1|1|1|1|1|1|1|1|0|0|1|1|0|0|0|0|0|0|0|0|0|0|0|0|0|1|1|1|0|0|1|1|1|1|1|1|1|1|1|1|1|1|0|0|1|1|0|0|0|0|0|0|0|0|0|0|0|0|0|1|1|1|0|0|1|1|1|1|1|1|1|1|1|1|1|1|0,1|0,1|1|1|0,1|0,1|0,1|0|0|0|0|0|0|0|0|0|0,1|1|1|1|0,1,6|0,1,6|1|1|1|1|1|1|1|1|1|1|1|1|0|0|0|0|0|0|0|0|0|0|0|0|0|0|0|0|0|0|0|0|0,6|0,6|1|1|1|1|1|1|1|1|1|1|1|1|0|0|0|0|0|0|0|0|0|0|0|0|0,2|0|0|0|0|0|0|0|0,6|0,6|0,6|0,6|0,2,6|1|1|1|1|1|1|1|1|1|0|0|0|0|0|0|0|0|0|0|0|0|0,2|0|0|0|0|0|0|0|0,6|0,6|0,6|2,6|1|1|1|1|1|1|1|1|1|1|0|0|0|0|0|0|0|0|0|0|0|0|0,2|0|0|0|0|0|0|0|0,6|0,6|0,6|1|1|1|1|1|1|1|1|0,6|0|0|0|0|0|0|0|0|0|0|0|0|0|0|0,2|0|0|0|0|0|0|0|0,6|0,6|0,6|1|1|1|1|1|1|1|1|0,6|0|0|0|0|0|0|0|0,2|0|0|0|0|0|0|0,2|0|0|0|0|0|0|0|0,6|0,6|0,6|2,6|1|1|1|1|0,6|1|0,6|0,6|0|0|0|0|0|0|0|0,2|0|0|0|0|0|0|0,2|0|0|0|0|0|0|0|0,6|0,6|0,6|0,6|0,2,6|1|1|1|0,6|0,2,6|0,6|0,6|0|0|0|0|0|0|0|0,2|0|0|0|0|0|0|0,2|0|0|0|0|0|0|0|0|0|0|0|0,2|0|1|1|0,6|0,2,6|0,6|0,6|0|0|0|0|0|0|0|0,2|0|0|0|0|0|0|0,2|0|0|0|2|1|2|0|0|0|0,6|0,6|0,2,6|0,6|1|1|0,6|0,2,6|0,6|0,6|0|0|0|0|1|1|1|0,2,1,6|1|1|1|1|1|1|0,2,1,6|1|1|1|1|1|1|2|0|0|0,6|0,6|0,2,6|0,6|1|1|0,6|0,2,6|0,6|0,6|0|0|0|0|1|1|1|0,6|1|1|1|1|1|1|0,6|1|1|1|1|1|1|1|0|0|0,6|0,6|0,2,6|0,6|1|1|0|0,2|0|0|0|0|0|0|1|1|1|0,6|1|1|1|1|1|1|0,6|1|1|1|1|1|1|2|0|0|0,6|0,6|0,2,6|0,6|1|1|0,6|0,2,6|0,6|0,6|0|0|0|0|1|1|1|0,6|1|1|1|1|1|1|0,6|1|1|1|1|1|0|0|0|0|0,6|0,6|0,2,6|0,6|1|1|0,6|0,2,6|0,6|0,1,6|0,1|0,1|0,1|0,1|0,2,1,6|0,6|0,6|0,6|0,6|0,6|0,6|0,6|0,6|0,6|0,6|1|1|1|1|1|0|0|0|0|0,6|0,6|1|0,6|1|1|0,6|0,2,6|0,6|0,6|0|0|0|0|1|1|1|1|1|1|1|0,6|1|1|1|1|1|1|1|1|0|0|0|0|0,6|0,6|1|0,6|1|1|0,6|0,2,6|0,6|0,6|0|0|0|0|1|1|1|1|1|1|1|0,6|1|1|1|1|1|1|1|1|0|0|0|0|0,6|0,6|0,2,6|0,6|1|1|0,6|0,2,6|0,6|0,6|0|0|0|0|1|1|1|1|1|1|1|0,6|1|1|1|1|1|1|1|1|0|0|0|0|0,6|0,6|0,2,6|0,6|1|1|0,6|0,2,6|0,6|0,6|0|0|0|0|1|1|1|1|1|1|1|0,6|1|1|1|1|1|1|1|1|0|0|0|0|0|0|0,2|0|1|1|0,6|0,2,6|0,6|0,6|0|0,1|0,1|0,1|0,2,1,6|0,6|0,6|0,6|0,6|0,6|0,6|0,6|1|1|1|1|1|0,6|0,6|0,2,1,6|0,1|0,1|0,6|0,6|0,6|0,6|0,2,6|0,6|1|1|0,6|0,2,6|0,6|0,6|0|0|0|0|1|1|1|1|1|1|1|0,6|1|1|1|1|1|0,6|1|1|0|0|0,6|0,6|0,6|0,6|0,2,6|0,6|1|1|0,6|0,2,6|0,6|0,6|0|0|0|0|1|1|1|1|1|1|1|0,6|1|1|1|1|1|0,6|1|1|0|0|0,6|0,6|0,6|0,6|0,2,6|0,6|1|1|0|0,2|0|0|0|0|0|0|1|1|1|1|1|1|1|0,6|0,6|0,6|0,6|0,6|0,6|0,6|1|1|0|0|0,6|0,6|0,6|0,6|0,2,6|0,6|1|1|0,6|0,2|0,6|0,6|0,6|0,6|0,6|2|1|1|1|1|1|1|1|0,6|1|1|1|1|1|0,6|1|1|0|0|0,6|0,6|0,6|0,6|0,2,6|0,6|1|1|0,6|0,2|0,6|0,6|0,6|0,6|0,6|1|1|1|1|1|1|1|1|0,6|1|1|1|1|1|0,6|1|1|0|0|0,6|0,6|0,6|0,6|0,2,6|0,6|1|1|0,6|0,2|0,6|0,6|0,6|0,6|0,6|2|1|1|1|1|1|1|1|0,2,1,6|1|1|1|1|1|0,2,1,6|1|1|0|0|0,6|0,6|0,6|0,6|0,2,6|0,6|1|1|0,6|0,2|0,6|0,6|0,6|0,6|0,6|0|2|1|2|0|0|0|0|0,2|0|0|0|0|0|0,2|0|0|0|0|0,6|0,6|0,6|0,6|0,2,6|0,6|1|1|0,6|0,2|0,6|0,6|0,6|0,6|0,6|0|0|0|0|0|0|0|0|0,2|0|0|0|0|0|0,2|0|0|0|0|0|0|0|0|0,2,6|0,6|1|1|0,6|0,2|0,6|0,6|0,6|0,6|0,6|0|0|0|0|0|0|0|0|0,2|0|0|0|0|0|0,2|0|0,6|0,6|0,6|0,6|0,6|0,6|0|1|0,6|1|1|0,6|0,2|0,6|0,6|0,6|0,6|0,6|0|0|0|0|0|0|0|0|0,2|0|0|0|0|0|0,2|0|0,6|0,6|0,6|0,6|0,6|0,6|0|1|0,6|1|1|1|1|2|0|0|0|0|0|0|0|0|0|0|0|0|0,2|0|0|0|0|0|0,2|0|0,6|0,6|0,6|0,6|0,6|1|1|1|0,6|1|1|1|1|1|0,6|0,6|0,6|0|0|0|0|0|0|0|0|0|0,2|0|0|0|0|0|0|0|0,6|0,6|0,6|0,6|0,6|1|1|1|0,6|1|1|1|1|1|0,6|0,6|0,6|0|0|0|0|0|0|0|0|0|0,2|0|0|0|0|0|0|0|0,6|0,6|0,6|0,6|0,6|1|1|1|0,6|1|1|1|1|2,6|0,6|0,6|0,6|0|0|0|0|0|0|0|0|0|0,2|0|0|0|0|0|0|0|0,6|0,6|0,6|0,6|0,6|1|1|1|0,6|1|1|0,6|0,2,6|0,6|0,6|0,6|0,6|0|0|0|0|0|0|0|0|0|0|0|0|0|0|0|0|0|0,6|0,6|0,6|0,6|1|1|1|1|0,6|1|1|0,6|0,2,6|0,6|0,6|0,6|0,6|0|0|0|0|0|0|0|0|0|0|0|0|0|0|0|0|0|0,6|0,6|0,6|0,6|1|1|1|1|0,6|1|1|0,6|1|1|0,6|0,6|0,6|0|0|0|0|0|0|0|0|0|0|0|0|0|0|0|0|0|0|0|0|0|1|1|1|1|0,6|1|1|0,6|1|1|0,6|0,6|0,6|0|0|0|0|0|0|0|0|0|0|0|0|0|0|0|0|0|0|0|0|0|1|1|1|1|0,6|1|1|0,6|1|1|0,6|0|0|0|0|0|0|0|0|0|0|0|0|0|0|0|0|0|0|0|0|0|0|0|0|1|1|1|0,6|1|1|0,6|1|1|0,6|0|0|0|0|0|0|0|0|0|0|0|0|0|0|0|0|0|0|0|0|0|0|0|0|1|1|1|0,6|1|1|0,6|1|1|0,6|0|0|0|0|0|0|0|0|0|0|0|0|0|0|0|0|0|0|0|0|0|0|0|0|1|1|1|0,6|1|1|0,6|0,6|0,2,1,6|0,1,6|0,1|0,1|0,1|0,1|0,1|0,1|0|0|0|0|0|0|0|0|0,1|0,1|0,1|0,1|0,1|0,1|0,1|0,1|0,1|0,1|0,2,1,6|0,6|0,6|0,6|1|1|0,6|1|1|0,6|0|0|0|0|0|0|0|0|0|0|0|0|0|0|0|0|0|0|0|0|0|0|0|0|1|1|1|1|1|1|0,6|1|1|0,6|0|0|0|0|0|0|0|0|0|0|0|0|0|0|0|0|0|0|0|0|0|0|0|0|1|1|1|1|1|1|0,6|1|1|0,6|0|0|0|0|0|0|0|0|0|0|0|0|0|0|0|0|0|0|0|0|0|0|0|0|1|1|1|1|1|1|0,6|1|1|0,6|0|0|0|0|0|0|0|0|0|0|0|0|0|0|0|0|0|0|0|0|0|0|0|0|1|1|1|1|1|1|0,6|1|1|0,1,6|0,1|1|1|0,1|0,1|0,1|0,1|0,1|0,1|0,1|0|0|0|0|0|0|0|0|0,1|0,1|0,1|0,1|0,1|1|1|1|1|1|1|1|0,6|1|1|0,6|0|1|1|0|0|0|0|0|0|0|0|0|0|0|0|0|0|0|0|0|0|0|0|0|1|1|1|1|1|1|0,6|1|1|0,6|0|1|1|0|0|0|0|0|0|0|0|0|0|0|0|0|0|0|0|0|0|0|0|0|1|1|1|1|1|1|0,6|1|1|1|0,1|1|1|0,1|0,1|0,1|0|0|0|0|0|0|0|0|0|0|0|0|0|0|0,1|0,1|1|1|1|1|1|1|1|1|0,6|1|1|0,6|0|0|0|0|0|0|0|0|0|0|0|0|0|0|0|0|0|0|0|0|0|0|0|0|1|1|1|1|1|1|0,6|1|1|0,6|0|0|0,6|0,6|0,6|0|0|0|0|0|0|0|0|0|0|0|0|0|0|0|0|0|0|0|1|1|1|1|1|1|0,6|1|1|0,6|0|0|0,6|0,6|0,6|0|0|0|0|0|0|0|0|0|0|0,2|0|0|0|0|0|0|0|0|1|1|1|1|1|1|0,6|1|1|0,6|0|0|0,6|0,6|0,2,6|0|0|0|0|0|0|0|0|0|0|0,2|0|0|0|0|0|0|0|0|1|1|1|1|1|1|0,6|1|1|0,6|0|0|0,6|0,6|0,2,6|0|0|0|0|0|0|0|0|0|0|0,2|0|0|0|0|0|0|0|0|1|1|1|1|1|1|0,6|1|1|0,6|0|0|0,6|0,6|0,2,6|0|0|0|0|0|0|0|0|0|0|0,2|0|0,1|0,1|0,1|0,1|0,1|0,1|0,1|0,2,1|0,6|0,6|1|1|1|0,6|1|1|0,6|0|0|0|0|0,2|0|0|0|0|0|0|0|0|0|0|0,2|0|0|0|1|1|1|1|1|1|1|0,6|1|1|1|0,6|1|1|0,6|0|0|0|0|0,2|0|0|0|0|0|0|0|0|0|0|0,2|0|0|0|1|1|1|1|1|1|1|0,6|1|1|1|0,6|0,6|0,2,1,6|0,1,6|0,1|0,1|0,1|0,1|0,2,1|0,1|0,1|1|1|1|1|1|1|1|1|0,2|0|0|0|1|1|1|1|1|1|1|0,6|1|1|1|1|1|1|1|1|1|1|1|0,2|0|0|1|1|1|1|1|1|1|1|0,2|0|0|0|1|1|1|1|1|1|1|0,6|1|1|1|1|1|1|1|1|1|1|1|0,2,6|0,6|0|1|1|1|1|1|1|1|1|0,2,6|0,6|0,6|0,6|1|1|1|1|1|1|1|0,6|1|1|1|1|1|1|1|1|1|1|1|0,2,6|0,6|0|1|1|1|1|1|1|1|1|0,2,6|0,6|0,6|0,6|1|1|1|1|1|1|1|0,6|1|1|1|1|1|1|1|1|1|1|1|0,2,6|0,6|0|1|1|1|1|1|1|1|1|0,2,1,6|0,1,6|0,1,6|0,1,6|0,2,1,6|0,6|0,6|0,6|0,6|0,6|0,6|0,6|1|1|1|1|1|1|1|1|1|1|1|0,2,6|0,6|0|1|1|1|1|1|1|1|1|0,2,1,6|1|1|1|1|1|1|1|1|1|1|1|1|1|1|1|1|1|1|1|1|1|1|0,2,6|0,6|0|1|1|1|1|1|1|1|1|0,6|1|1|1|1|1|1|1|1|1|1|1|1|1|1|1|1|1|1|1|1|1|1|0,2,6|0,6|0|1|1|1|1|1|1|1|1|0,6|1|1|1|1|1|1|1|1|1|1|1|1|1|1|1|0,6|0,6|0,6|0,6|0,6|0,6|0,2,1,6|0,2,1,6|0,1,6|0,1|0,2,1,6|0,6|0,6|0,6|0,6|0,6|0,6|0,6|0,6|1|1|1|1|1|1|1|1|1|1|1|1|1|1|1|0,6|1|1|1|1|1|1|1|1|1|1|0,6|1|1|1|1|1|1|0,6|1|1|1|1|1|1|1|1|1|1|1|1|1|1|1|0,6|1|1|1|1|1|1|1|1|1|1|0,6|1|1|1|1|1|1|0,6|1|1|1|1|1|1|1|1|1|1|1|1|1|1|1|0,6|1|1|1|1|1|1|1|1|1|1|0,6|1|1|1|1|1|1|0,6|1|1|1|1|1|1|1|1|1|1|1|1|1|1|1|0,6|1|1|1|1|1|1|1|1|1|1|0,6|1|1|1|1|1|1|0,6|1|1|1|1|1|1|1|1|1|1|1|1|1|1|1|0,6|1|1|1|1|1|1|1|1|1|1|0,6|1|1|1|1|1|1|0,2,1,6|1|1|1|1|1|1|1|1|1|1|1|1|1|1|1|0,6|1|1|1|1|1|1|1|1|1|1|0,6|1|1|1|1|1|1|0,2,1,6|0,1,6|0,1|0,1,6|0,2,1,6|0,6|0,6|0,6|0,6|0,6|0,6|0,6|0,6|1|1|1|0,6|1|1|1|1|1|1|1|1|1|1|0,6|1|1|1|1|1|1|0,2,6|0,6|0|0,6|1|1|1|1|1|1|1|1|0,6|1|1|1|0,6|1|1|1|1|1|1|1|1|1|1|0,2,1,6|1|1|1|1|1|1|0,2,6|0,6|0|0,6|1|1|1|1|1|1|1|1|0,6|1|1|1|0,6|0,6|0,6|0,6|0,2,1,6|0,1,6|0,1,6|0,1,6|0,1,6|0,1|0,1,6|0,2,1,6|1|1|1|1|1|1|0,2,6|0,6|0|0,6|1|1|1|1|1|1|1|1|0,6|1|1|1|1|1|1|1|1|0,6|0,6|0,6|0,6|0|0|0,2|0|0,6|0,6|0,6|0,6|0,6|0,2,6|0,6|0|0,6|1|1|1|1|1|1|1|1|0,6|1|1|1|1|1|1|1|1|0,6|0,6|0,6|0,6|0|0|0,2|0|0,6|0,6|0,6|0,6|0,6|0,6|0,6|0|0,6|1|1|1|1|1|1|1|1|0,6|1|1|1|1|1|1|1|1|1|1|0,6|0,6|0|0|0,2|0|0,6|0,6|0,6|0,6|0,6|0,6|0,6|0|0,6|1|1|1|1|1|1|1|1|0,6|1|1|1|1|1|1|1|1|1|1|0|0|0|0|0,2|0|0|0|0|0|0|0|0|0|0,6|1|1|1|1|1|1|1|1|0,6|1|1|1|1|1|1|1|1|0,6|0|0|0|0|0|0|0|0|0|0|0|0|0|0|0,1|0,1,6|0,1,6|0,1,6|0,1,6|0,1,6|0,1,6|0,1,6|0,2,1,6|0,6|0,6|1|1|1|1|1|1|1|1|0,6|0|0|0|0|0|0|0|0|0|0|0|0|0|0|0|0,6|0,6|0,6|0,6|0,6|0,6|0,6|1|1|1|1|1|1|1|1|1|1|1|1|0,1|0,1|1|1|1|1|1|0,1|1|0,1|0,1|0,1|0,1|0,1|0,1|0,1|0,1|0,1|0,1|0,1|0,1|1|1|1|1|1|1|1|1|1|1|1|1|0,6|0|0|1|1|1|1|1|0|0|0|0|0|0|0|0|0|0|0|0|0|0|0,6|1|1|1|1|1|1|1|1|1|1|1|0|0|0|1|1|1|1|1|0|0|0|0|0|0|0|0|0|0|0|0|0|0|0,6|1|1|1|1|1|1|1|1|1|1|1|1|0,1|0,1|1|1|1|1|1|0,1|0,1|0,1|0,1|0,1|0,1|0,1|0,1|1|1|0,1|0,1|0,1|0,1|0,1,6|0,2,1,6|0,6|0,6|1|1|1|1|1|1|1|1|0|0|0|0|0|0|0|0|0|0|0|0|0|0|0|0|0|0|0|0|0|0|0,6|1|1|0,6|1|1|0,6|1|1|1|0,6|1|0|0|0|0|0|0|0|0|0|0|0|0|0|0|0|0|0|0|0|0|0|0|0,6|1|1|0,6|1|1|0,6|1|1|1|0,6|1|0|0|0|0|0|0|0|0|0|0|0|0|0|0|0|0|0|0|0|0|0|0|0,6|1|1|0,6|1|1|0,6|1|1|1|0,6|1|0|0|0|0|0|0|0|0|0|0|0|0|0|0|0|0|0|0|0|0|0|0|0,6|1|1|0,6|1|1|0,6|1|1|1|0,6|0,2,6|0|0|0|0|0|0|0|0|0|0|0|0|0|0|0|0|0|0|0|0|0|0|0,2,6|1|1|0,6|1|1|0,6|1|1|1|0,6|1|0|0|0|0|0|0|0|0|0|0|0|0|0|0|0|0|0|0|0|0|0|0|1|1|1|0,6|1|1|0,6|2,6|1|2,6|0,6|0,2,6|0|0|0|0|0|0|0|0|0|0|0|0|0|0|0|0|0|0|0|0|0|0|0,2,6|1|1|0,6|1|1|0,6|0,6|0,2|0,6|0,6|0,2,6|0|0|0|0|0|0|0|0|0|0|0|0|0|0|0|0|0|0|0|0|0|0|0,2,6|1|1|0,6|1|1|0,6|0,6|0,2|0|0,6|0,2|0|0|0|0|0|0|0|0|0|0|0|0|0|0|0|0|0|0|0|0|0|0|0,2,6|1|1|0,6|1|1|0,6|0,6|0,2|0|0|1|0|0|0|0|0|0|0|0|0|0|0|0|0|0|0|0|0|0|0|0|0|0|1|1|1|0,6|1|1|0,6|0,6|0,2|0|0|1|0|0|0|0|0|0|0|0|0|0|0|0|0|0|0|0|0|0|0|0|0|0|1|1|1|0,6|1|1|0,6|0,6|0|0|0|0,2|0|0|0|0|0|0|0|0|0|0|0|0|0|0|0|0|0|0|0|0|0|0,6|1|1|1|0,6|1|1|0,6|0,6|0|0|0|0,2|0|0|0|0|0|0|0|0|0|0|0|0|0|0|0|0|0|0|0|0|0|0,6|1|1|1|0,6|1|1|0,6|0,6|0|0|0|0,2|0|0|0|0|0|0|0|0|0|0|0|0|0|0|0|0|0|0,1|0,1|0,1|0,1|0,1,6|0,2,1,6|0,6|0,6|0,6|1|1|0,6|0,6|0|0|0|0,2|0|0|0|0|0|0|0|0|0|0|0|0|0|0|0|0|0|0|0|0|0|0,6|1|1|1|1|1|1|0,6|0,6|0|0|0|0,2|0|0|0|0|0|0|0|0|0|0|0,2|0|0|0|0|0|0|0|0|0|0|0,6|1|1|1|1|1|1|0,6|0,6|0|0|0|0,2|0|0|0|0|0|0|0|0|0|0|0,2|0|0|0|0|0|0|0|0|0|0|0,6|0,2,6|0,6|1|1|1|1|0,6|0,6|0|0|0|0,2|0|0|0|0|0|0|0|0,2|0|0|0,2|0|0|0|0|0|0|0|0|0|0|0,6|1|0,6|1|1|1|1|0,6|0,6|0|0|0|0,2|0|0|0|0|0|0|0|1|0|0|0,2|0|0|0|0|0|0|0|0|0|0|0,6|1|0,6|1|1|1|1|0,6|0,6|0,2|0|0,6|0,2|0|0|0|0|0|0|0|1|0|0|0,2|0|0|0|0,6|0,6|0,6|0,6|0,6|0|0|0,6|0,2,6|0,6|1|1|1|1|0,6|0,6|0,2|0,6|0,6|0,2,6|0|0|0|0|0|0|0|0,2|0|0|0,2|0|0|0|0,6|0,6|0,6|0,6|0,6|0|0|0,6|0,2,6|0,6|1|1|1|1|0,6|0,6|0,2|0,6|0,6|0,2,6|0|0|0|0|0,2|0|0|0,2|0|0|0,2|0|0|0|0,6|0,6|0,6|0,6|0,6|0|0|0,6|0,2,6|0,6|1|1|1|1|0,6|2,6|1|2,6|0,6|0,2,6|0|0|0|0|1|0|0|0,2|0|0|0,2|0|0|0|0,6|0,6|0,6|0,6|0,6|0|0|0|0,2,6|0,6|1|1|1|1|0,6|1|1|1|0,6|0,2,6|0|0|0|0|0,2|0|0|0,2|0|0|0,2|0|0|0|0,6|0,6|0,6|0,6|0,6|0|0|0|0,2,6|0,6|1|1|1|1|0,6|1|1|1|0,6|1|0|0|0|0|0,2|0|0|1|0|0|0,2|0|0|0|0|0|0|0|0|0|0,6|0,6|0,2,6|0,6|1|1|1|1|0,6|1|1|1|0,6|1|0|0|0|0|0,2|0|0|0,2|0|0|0,2|0|0|0|0|0|0|0|0|0|0,6|0,6|0,2,6|0,6|1|1|1|1|0,6|1|1|1|0,6|0,2,6|0|1|1|1|0,2,1,6|1|1|0,2,1,6|1|1|0,2,1,6|1|1|1|0|0|0|0|0|0|0,6|0,6|1|0,6|1|1|1|1|0,6|1|1|1|0,6|1|0,6|1|1|1|0,6|1|1|0,6|1|1|0,6|1|1|1|0|0|0,6|0,6|0|0|0,6|0,6|0,2,6|0,6|1|1|1|1|1|1|1|1|1|1|1|1|1|1|0,6|1|1|0,6|1|1|0,6|1|1|1|1|0,1,6|0,1,6|0,1,6|1|0,1,6|1|1|1|1|1|1|1|1|1|1|1|1|1|1|1|1|1|1|4,3,3,6|1|1|4,3,3,6|1|1|4,3,3,6|1|1|1|0,6|0,6|0,6|0,6|0,6|0,6|1|1|1|1|1|1|1|1|1|1|1|1|1|1|1|1|1|1|1,3|1|1|1,3|1|1|1,3|1|1|1|1|1|1|1|1|1|1|1|1|1|1|1|1|1|1|1|1|1|1|1|1|1|1|1|1,3|1|1|1,3|1|1|1,3|1|1|1|1|1|1|1|1|1|1|1|1|1|1|1|1|1|1|1|1|1|1|1|1|1|1|1|1,3|1|1|1,3|1|1|1,3,4|1|1|1|1|1|1|1|1|1|1|1|1|1|1|1|1|
