TS_B04
48*73
4.7821*8.7825|0|0
-220,-59|-220,719
Border: Solid




0

1|1|1|1|1|1|1|1|1|1|1|1|1|1|1|1|1|1|1|1|1|1|1|1|1|1|1|1|1|1|1|1|1|1|1|1|1|1|1|1|1|1|1|1|1|1|1|1|1|1|1|1|1|1|1|1|1|1|1|1|1|1|1|1|1|1|1,4,3|1|1|1|1|1|1|1|1|1|1|1|1|1|1|1|1|1|1|1|1|1|1|1|1|1|1|1|1|1|1|0,6|0,6|0,6|0,6|0,6|1|1|1|1|1|1|1|1|1|1|1|1|1|1|1|1|1|1|1|1|1|1|1|1|1|1|0,6|0,6|0,6|0,6|0,6|1|1|1|1|1|1|1,3|1|1|1|1|1|1|1|1|1|1|1|1|1|1|1|1|1|1|1|1|1|1|1|1|1|1|1|1|1|1|0,6|0,6|0,6|0,6|0,6|1|1|1|1|1|1|1|1|1|1|1|1|1|1|1|1|1|1|1|1|1|1|1|1|1|1|0,6|0,6|0,6|0,6|0,6|1|1|1|1|1|1|1,3|1|1|1|1|1|1|1|1|1|1|1|1|1|1|1|1|1|1|1|1|1|1|1|1|1|1|1|1|1|1|0,6|0,6|0,6|0,6|0,6|1|1|1|1|1|1|1|1|1|1|1|1|1|1|1|1|1|1|1|1|1|1|1|1|1|1|0,6|0,6|0,6|0,6|0,6|1|1|1|1|1|1|1,3|1|1|1|1|1|1|1|1|1|1|1|1|0|0|1|0|0|1|1|1|0|0|1|0|0|0|0|0|0,2|1|0,6|0,6|0,6|0,6|0,6|1|1|0|0|0|0|0|0|0|0|0,2|0|0|1|1|1|0|0|1|0|0|0|0|0|0,2|1|0,6|0,6|0,6|0,6|0,6|1|1|1|1|1|1|1,3|1|1|1|1|1|1|1|1|1|1|1|1|0|0|1|0|0|1|1|1|0|0|1|0|0|0|0|0|0,2|1|0,6|0,6|0,6|0,6|0,6|1|1|0|0|0|0|0|0|0|0|0,2|0|0|1|1|1|0|0|1|0|0|0|0|0|0,2|1|0,6|0,6|0,6|0,6|0,6|1|1|1|1|1|1|1,3|1|1|1|1|1|1|1|1|1|1|1|1|0|0|1|0|0|2|1|2|0|0|0,2|0|0|0|0|0|1|1|0,6|0,6|0,6|0,6|0,6|1|1|0|0|0|0|0|0|0|0|0,2|0|0|1|1|1|0|0|1|0|0|0|0|0|1|1|0,6|0,6|0,6|0,6|0,6|1|1|1|1|1|1|4,3,3|1|1|1|1|1|1|1|1|1|1|1|1|0|0|0,2|0|0|0|0,2|0|0|0|0,2|0|0|0|0|0|0,2|1|0,6|0,6|0,6|0,6|0,6|1|0,2|0|0|0|0|0|0|0|0|0,2|0|0|1|1|1|0|0|0,2|0|0|0|0|0|1|1|0,6|0,6|0,6|0,6|0,6|1|1|1|1|1|1|0|1|1|1|1|1|1|1|1|1|1|1|1|0|0|0,2|0|0|0|0,2|0|0|0|0,2|0|0|0|0|0|0,2|1|0,6|0,6|0,6|0,6|0,6|1|0,2|0|0|0|0|0|0|0|0|0,2|0|0|1|1|1|0|0|0,2|0|0|0|0|0|0,2|1|0,6|0,6|0,6|0,6|0,6|1|1|1|1|1|1|0|1|1|1|1|1|1|1|1|1|1|1|1|0|0|0,2|0|0|0|0|0|0|0|0,2|0|0|0|0|0|0,2|1|0,6|0,6|0,6|0,6|0,6|1|0,2|0|0|0|0|0|0|0|0|0,2|0|0|1|1|1|0|0|0,2|0|0|0|0|0|0,2|1|0,6|0,6|0,6|0,6|0,6|1|1|1|1|1|1|0|1|1|1|1|1|1|1|1|1|1|1|1|0|0|0,2|0|0|0|0|0|0|0|0,2|0|0|0|0|0|0,2|1|0,6|0,6|0,6|0,6|0,6|1|1|0|0|0|0|0|0|0|0|0,2|0|0|1|1|1|0|0|0,2|0|0|0|0|0|0,2|1|0,6|0,6|0,6|0,6|0,6|1|1|1|1|1|1|0,2,1|1|1|1|1|1|1|1|1|1|1|1|1|0|0|0,2|0|0|0|0|0|0|0|0,2|0|0|0|0|0|0,2|1|0,6|0,6|0,6|0,6|0,6|1|1|0|0|0|0|0|0|0|0|0,2|0|0|2|1|2|0|0|0,2|0|0|0|0|0|0,2|1|0,6|0,6|0,6|0,6|0,6|1|1|0|0|0|0|0,2|0|0|0,2|0|1|1|1|1|1|1|1|1|0|0|0,2|0|0|0|0|0|0|0|0,2|0|0|0|0|0|0,2|1|0,6|0,6|0,6|0,6|0,6|1|1|0|0|0|0|0|0|0|0|0,2|0|0|0|0,2|0|0|0|0,2|0|0|0|0|0|0,2|1|0,6|0,6|0,6|0,6|0,6|1|1|0|0|0|0|0,2|0|0|0,2|0|1|1|1|1|0|0,2|0|0|0|0|0,2|0|0|0|0|0|0|0|0,2|0|0|0|0|0|0,2|1|0,6|0,6|0,6|0,6|0,6|1|0,2|0|0|0|0|0|0|0|0|0,2|0|0|0|0,2|0|0|0|0,2|0|0|0|0|0|0,2|1|0,6|0,6|0,6|0,6|0,6|1|0,2|0|0|0|0|0,2|0|0|0,2|0|1|1|1|1|0|0,2|0|0|0|0|0,2|0|0|0|0|0|0|0|0,2|0|0|0|0|0|0,2|1|0,6|0,6|0,6|0,6|0,6|1|0,2|0|0,6|0,6|0,6|0,6|0,6|0,6|0|0,2|0|0|0|0|0|0|0|0,2|0|0|0|0|0|0,2|1|0,6|0,6|0,6|0,6|0,6|1|0,2|0|0|0|0|0,2|0|0|0,2|0|1|1|1|1|0|0,2|0|0|0|0|0,2|0|0|0|0|0|0|0|0,2|0|0|0|0|0|0,2|1|0,6|0,6|0,6|0,6|0,6|1|0,2|0|0,6|0,6|0,6|0,6|0,6|0,6|0|0,2|0|0|0|0|0|0|0|0,2|0|0|0|0|0|0,2|1|0,6|0,6|0,6|0,6|0,6|1|0,2|0|0|0|0|0,2|0|0|1|0|1|1|1|1|0|0,2|0|0|0|0|0,2|0|0|0|0|0|0|0|0,2|0|0|0|0|0|1|1|0,6|0,6|0,6|0,6|0,6|1|0,2|0|0,6|0,6|0,6|0,6|0,6|0,6|0|0,2|0|0|0|0|0|0|0|0,2|0|0|0|0|0|0,2|1|0,6|0,6|0,6|0,6|0,6|1|0,2|0|0|0|0|0,2|0|0|0,2|0|1|1|1|1|0|0,2|0|0|0|0|0,2|0|0|0|0|0|0|0|0,2|0|0|0|0|0|1|1|0,6|0,6|0,6|0,6|0,6|1|0,2|0|0,6|0,6|0,6|0,6|0,6|0,6|0|0,2|0|0|0|0|0|0|0|0,2|0|0|0|0|0|1|1|0,6|0,6|0,6|0,6|0,6|1|0,2|0|0|0|0|0,2|0|0|0,2|0|1|1|1|1|0|0,2|0|0|0|0|0,2|0|0|0|0|0|0|0|0,2|0|0|0|0|0|0,2|1|0,6|0,6|0,6|0,6|0,6|1|0,2|0|0,6|0,6|0,6|0,6|0,6|0,6|0|0,2|0|0|0|0|0|0|0|0,2|0|0|0|0|0|0,2|1|0,6|0,6|0,6|0,6|0,6|1|0,2|0|0|0|0|0,2|0|0|0|0|1|1|1|1|0|1|0|0|0|0|0,2|0|0|0|0,2|0|0|0|0,2|0|0|0|0|0|0,2|1|0,6|0,6|0,6|0,6|0,6|1|0,2|0|0,6|0,6|0,6|0,6|0,6|0,6|0|0,2|0|0|0|0,2|0|0|0|0,2|0|0|0|0|0|0,2|1|0,6|0,6|0,6|0,6|0,6|1|1|0|0|0|0|0,2|0|0|0|0|1|1|1|1|0|1|0|0|0|0|0,2|0|0|0|0,2|0|0|0|0,2|0|0|0|0|0|0,2|1|0,6|0,6|0,6|0,6|0,6|1|0,2|0|0|0|0|0|0|0|0|0,2|0|0|0|0,2|0|0|0|0,2|0|0|0|0|0|0,2|1|0,6|0,6|0,6|0,6|0,6|1|0,2|0|0|0|0|0,2|0|0|0|0|1|1|1|1|0|0,2|0|0|0|0|0,2|0|0|2|1|2|0|0|0,2|0|0|0|0|0|0,2|1|0,6|0,6|0,6|0,6|0,6|1|0,2|0|0|0|0|0|0|0|0|0,2|0|0|2|1|2|0|0|0,2|0|0|0|0|0|0,2|1|0,6|0,6|0,6|0,6|0,6|1|0,2|0|0|0|0|0,2|0|0|0|0|1|1|1|1|0|0|0|0|0|0|0,2|0|0|1|1|1|0|0|0,2|0|0|0|0|0|0,2|1|0,6|0,6|0,6|0,6|0,6|1|0,2|0|0|0|0|0|0|0|0|0,2|0|0|1|1|1|0|0|0,2|0|0|0|0|0|0,2|1|0,6|0,6|0,6|0,6|0,6|1|0,2|0|0|0|0|0,2|0|0|0|0|1|1|1|1|0|0|0|0|0|0|0,2|1|1|1|1|1|1|1|0,2|0|0|0|0|0|0,2|1|0,6|0,6|0,6|0,6|0,6|1|0,2|0|0|0|0|0|0|0|0|0,2|1|1|1|1|1|1|1|0,2|0|0|0|0|0|0,2|1|0,6|0,6|0,6|0,6|0,6|1|0,2|0|0|0|0|0,2|0|0|0|0|1|1|1|1|0|0|0|0|0|0|0,2|1|0,6|0,6|0,6|0,6|0,6|1|0,2|0|0|0|0|0|0,2|1|1|1|1|1|1|1|0,2|0|0|0|0|0|0|0|0|0,2|1|0,6|0,6|0,6|0,6|0,6|1|0,2|0|0|0|0|0|0,2|1|1|1|1|1|1|1|0,2|0|0|0,6|0,6|0,2,6|0,6|0,6|0|0|1|1|1|1|0|0|0|0|0|0|0,2|1|0,6|0,6|0,6|0,6|0,6|1|0,2|0|0|0|0|0|0,2|0|0|1|1|1|0|0|0,2|0|0|0|0|0|0|0|0|0,2|1|0,6|0,6|0,6|0,6|0,6|1|0,2|0|0|0|0|0|0,2|0|0|1|1|1|0|0|0,2|0|0|0,6|0,6|0,2,6|0,6|0,6|0|0|1|1|1|1|0|0|0|0|0|0|0,2|1|0,6|0,6|0,6|0,6|0,6|1|1|0|0|0|0|0|0,2|0|0|2|1|2|0|0|0,2|0|0|0|0|0|0|0|0|0,2|1|0,6|0,6|0,6|0,6|0,6|1|0,2|0|0|0|0|0|0,2|0|0|2|1|2|0|0|0,2|0|0|0,6|0,6|0,2,6|0,6|0,6|0|0|1|1|1|1|0|0|0|0|0|0|1|1|0,6|0,6|0,6|0,6|0,6|1|1|0|0|0|0|0|0,2|0|0|0|0,2|0|0|0|0,2|0|0|0|0|0|0|0|0|0,2|1|0,6|0,6|0,6|0,6|0,6|1|1|0|0|0|0|0|0,2|0|0|0|0,2|0|0|0|0,2|0|0|0,6|0,6|0,2,6|0,6|0,6|0|0|1|1|1|1|0|0|0|0,2|0|0|0,2|1|0,6|0,6|0,6|0,6|0,6|1|0,2|0|0|0|0|0|0,2|0|0|0|0,2|0|0|0|0,2|0|0|0|0|0|0|0|0|0,2|1|0,6|0,6|0,6|0,6|0,6|1|0,2|0|0|0|0|0|0,2|0|0|0|0,2|0|0|0|0,2|0|0|0,6|0,6|0,2,6|0,6|0,6|0|0|1|1|1|1|0|0|0|0,2|0|0|0,2|1|0,6|0,6|0,6|0,6|0,6|1|0,2|0|0|0|0|0|0,2|0|0|0|0|0|0|0|0,2|0|0|0|0|0|0|0|0|0,2|1|0,6|0,6|0,6|0,6|0,6|1|0,2|0|0|0|0|0|0,2|0|0|0|0|0|0|0|0,2|0|0|0|0|0,2|0|0|0|0|1|1|1|1|0|0|0|0,2|0|0|0,2|1|0,6|0,6|0,6|0,6|0,6|1|0,2|0|0|0|0|0|0,2|0|0|0|0|0|0|0|0,2|0|0|0|0|0|0|0|0|0,2|1|0,6|0,6|0,6|0,6|0,6|1|0,2|0|0|0|0|0|0,2|0|0|0|0|0|0|0|0,2|0|0|0|0|0|0|0|0|0|1|1|1|1|0|0|0|0,2|0|0|0,2|1|0,6|0,6|0,6|0,6|0,6|1|0,2|0|0|0|0|0|0,2|0|0|0|0|0|0|0|0,2|0|0|0|0|0|0|0|0|0,2|1|0,6|0,6|0,6|0,6|0,6|1|0,2|0|0|0|0|0|0,2|0|0|0|0|0|0|0|0,2|0|0|0|0|0|0|0|0|0|1|1|1|1|0|0|0|0,2|0|0|0,2|1|0,6|0,6|0,6|0,6|0,6|1|0,2|0|0|0|0|0|0,2|0|0|0|0|0|0|0|0,2|0|0|0|0|0|0|0|0|0,2|1|0,6|0,6|0,6|0,6|0,6|1|0,2|0|0|0|0|0|0,2|0|0|0|0|0|0|0|0,2|0|0|0|0|0|0|0|0,2|0|1|1|1|1|0|0|0|0,2|0|0|0,2|1|0,6|0,6|0,6|0,6|0,6|1|0,2|0|0|0|0|0|0,2|0|0|0|0|0|0|0|0,2|0|0|0|0|0|0|0|0|0,2|1|0,6|0,6|0,6|0,6|0,6|1|0,2|0|0|0|0|0|0,2|0|0|0|0|0|0|0|0,2|0|0|0|0|0|0|0|1|0|1|1|1|1|0|0|0|0,2|0|0|1|1|0,6|0,6|0,6|0,6|0,6|1|0,2|0|0|0|0|0|0,2|0|0|0|0|0|0|0|0,2|0|0|0|0|0|0|0|0|1|1|0,6|0,6|0,6|0,6|0,6|1|0,2|0|0|0|0|0|0,2|0|0|0|0|0|0|0|0,2|0|0|0|0|0|0|0|1|0|1|1|1|1|0|0|0|0,2|0|0|1|1|0,6|0,6|0,6|0,6|0,6|1|0,2|0|0|0|0|0|0,2|0|0|0|0|0|0|0|0,2|0|0|0|0|0|0|0|0|1|1|0,6|0,6|0,6|0,6|0,6|1|0,2|0|0|0|0|0|0,2|0|0|0|0|0|0|0|0,2|0|0|0|0|0|0|0|0,2|0|1|1|1|1|0|0|0|0,2|0|0|1|1|0,6|0,6|0,6|0,6|0,6|1|0,2|0|0|0|0|0|0,2|0|0|0|0|0|0|0|0,2|0|0|0|0|0|0|0|0|0,2|1|0,6|0,6|0,6|0,6|0,6|1|0,2|0|0|0|0|0|0,2|0|0|0|0,2|0|0|0|0,2|0|0|0|0|0|0|0|0,2|0|1|1|1|1|1|1|1|0,2,1|1|1|1|1|0,6|0,6|0,6|0,6|0,6|1|0,2|0|0|0|0|0|0,2|0|0|0|0,2|0|0|0|0,2|0|0|0|0|0|0|0|0|0,2|1|0,6|0,6|0,6|0,6|0,6|1|0,2|0|0|0|0|0|0,2|0|0|0|0,2|0|0|0|0,2|0|0|0|0|0|0|0|0,2|0|1|1|1|1|1|1|1|0|1|1|1|1|0,6|0,6|0,6|0,6|0,6|1|0,2|0|0|0|0|0|0,2|0|0|0|0,2|0|0|0|0,2|0|0|0|0|0|0|0|0|0,2|1|0,6|0,6|0,6|0,6|0,6|1|0,2|0|0|0|0|0|0,2|0|0|2|1|2|0|0|0,2|0|0|0|0|0|0|0|0,2|0|1|1|1|1|1|1|1|0|1|1|1|1|0,6|0,6|0,6|0,6|0,6|1|0,2|0|0|0|0|0|0,2|0|0|2|1|2|0|0|0,2|0|0|0|0|0|0|0|0|0,2|1|0,6|0,6|0,6|0,6|0,6|1|0,2|0|0|0|0|0|0,2|0|0|1|1|1|0|0|0,2|0|0|0|0|0|0|0|0,2|0|1|1|1|1|1|1|1|0|1|1|1|1|0,6|0,6|0,6|0,6|0,6|1|0,2|0|0|0|0|0|0,2|0|0|1|1|1|0|0|1|0|0|0|0|0|0|0|0|0,2|1|0,6|0,6|0,6|0,6|0,6|1|1|0|0|0|0|0|0,2|0|0|1|1|1|0|0|0,2|0|0|1|1|1|1|1|1|1|1|1|1|1|1|1|1|4,3|1|1|1|1|0,6|0,6|0,6|0,6|0,6|1|1|0|0|0|0|0|0,2|0|0|1|1|1|0|0|1|0|0|0|0|0|0|0|0|1|1|0,6|0,6|0,6|0,6|0,6|1|1|0|0|0|0|0|0,2|0|0|1|1|1|0|0|0,2|0|0|1|1|1|1|1|1|1|1|1|1|1|1|1|1|1,3|1|1|1|1|0,6|0,6|0,6|0,6|0,6|1|1|0|0|0|0|0|1|0|0|1|1|1|0|0|1|0|0|0|0|0|0|0|0|0,2|1|0,6|0,6|0,6|0,6|0,6|1|0,2|0|0|0|0|0|1|0|0|1|1|1|0|0|0,2|0|0|1|1|1|1|1|1|1|1|1|1|1|1|1|1|1,3|1|1|1|1|0,6|0,6|0,6|0,6|0,6|1|0,2|0|0|0|0|0|1|0|0|1|1|1|0|0|1|0|0|0|0|0|0|0|0|0,2|1|0,6|0,6|0,6|0,6|0,6|1|0,2|0|0|0|0|0|1|0|0|1|1|1|0|0|1|0|0|1|1|1|1|1|1|1|1|1|1|1|1|1|1|1,3|1|1|1|1|0,6|0,6|0,6|0,6|0,6|1|1|1|1|1|1|1|1|1|1|1|1|1|1|1|1|1|1|1|1|1|1|1|1|1|1|0,6|0,6|0,6|0,6|0,6|1|1|1|1|1|1|1|1|1|1|1|1|1|1|1|1|1|1|1|1|1|1|1|1|1|1|1|1|1|1|1|1|1,3|1|1|1|1|0,6|0,6|0,6|0,6|0,6|1|1|1|1|1|1|1|1|1|1|1|1|1|1|1|1|1|1|1|1|1|1|1|1|1|1|0,6|0,6|0,6|0,6|0,6|1|1|1|1|1|1|1|1|1|1|1|1|1|1|1|1|1|1|1|1|1|1|1|1|1|1|1|1|1|1|1|1|1,3|1|1|1|1|0,6|0,6|0,6|0,6|0,6|1|1|1|1|1|1|1|1|1|1|1|1|1|1|1|1|1|1|1|1|1|1|1|1|1|1|0,6|0,6|0,6|0,6|0,6|1|1|1|1|1|1|1|1|1|1|1|1|1|1|1|1|1|1|1|1|1|1|1|1|1|1|1|1|1|1|1|1|1,4,3|1|1|1|1|1|1|1|1|1|1|1|1|1|1|1|1|1|1|1|1|1|1|1|1|1|1|1|1|1|1|1|1|1|1|1|1|1|1|1|1|1|1|1|1|1|1|1|1|1|1|1|1|1|1|1|1|1|1|1|1|1|1|1|1|1|1|1|
