TS_LAB04
48*35
7.5149*6.5974|0|0
-211,-45
Border: Solid




0

1|1|1|1|1,3,4|1|1|1,3|1|1|1|1|1|1|1|1|1|1|1|1|1|1|1|1|1|1|1|1|1|1|1|1|1|1|1|1|1|1|1|1,3|1|1|1,3|1|1|1|1|1|1|1|1|1|1|1|1|1|1|1|1|1|1|1|1|1|1|1|1|1|1|1|1|1|1|1|1,3|1|1|1,3|1|1|1|1|1|1|1|1|1|1|1|1|1|1|1|1|1|1|1|1|1|1|1|1|1|1|1|1|1|1|1|4,3,3,6|1|1|1,3|1|1|1|1|1|0,6|0,6|0,6|0,6|0,6|0,6|0,6|0,6|0,6|0,6|0,6|0,6|0,6|0,6|0,6|0,6|0,6|0,6|0,6|0,6|0,6|1|1|1|1|1|0,6|1|1|1,3|1|1|1|1|1|0,6|1|1|1|1|1|1|1|1|1|1|1|1|1|1|1|1|1|1|1|0,6|1|1|1|1|1|0,6|1|1|1,3|1|1|1|1|1|0|1|1|1|1|1|1|1|1|1|1|1|1|1|1|1|1|1|1|1|0,6|1|1|1|1|1|0,6|1|1|4,3,3|1|1|0|0|0|0|1|1|1|1|1|1|1|1|1|1|1|1|1|1|1|1|1|1|1|0,6|1|1|1|1|1|0,2,1,6|1|1|0,2,1|1|1|0,1|0,1|0,1|0,1|1|1|1|1|1|1|1|1|1|1|1|1|1|1|1|1|1|1|1|0,6|1|1|1|1|0,6|0,2,6|0|0|0,2|0|0|0|0|0|0|1|1|1|1|1|1|0|0,2|0|0|0,2|0|0|0|0,6|1|1|1|1|0,6|1|1|1|1|0,6|0,2,6|0|0,6|0,2|0|0|0|0|0|0|0|0|0|0|0|0|0|0,2|0|0|0,2|0|0|0|0|1|1|1|1|0,6|1|1|1|1|0,6|0,2,6|0|0|0,2|0|0|0|0|0|0|0|0|0|0|0|0|0|0,2|0|0|0,2|0|0,6|0|0|1|1|1|1|0,6|1|1|1|1|0,1,6|1|1|1|1|0,1|0,1|0,1|0,1|0,1|0,1|0,1|1|0,1|0,1|0,1|0,1|0,1|1|1|1|1|0,1|0,1,6|0,1|0,1|0,2,1|0,6|0,6|0,6|0,6|1|1|1|1|0,6|1|1|1|1|0|0|0|0|0|0|0|0|0|0|0|0|0|1|1|1|1|0|0|0|0|1|1|1|1|1|1|1|1|1|0,6|1|1|1|1|0|0|0|0|0|0|0|0|0|0|0|0|0|1|1|1|1|0|0|0|0|1|1|1|1|1|1|1|1|1|0,1,6|1|1|1|1|0,1|0,1|1|1|0,1|0,1|0,1|0,1|0,1|0,1|0,1|0,1|0,1|1|1|1|1|0,1|0,1|0,1|0,1|1|1|1|1|1|1|1|1|1|0,6|0,2,6|0|0|0,2|0|0|0|0|0|0|0|0|0|0|0|0|0|0,2|0|0|0,2|0|0|0|0|1|1|1|1|1|1|1|1|1|0,6|0,2,6|0|0|0,2|0|0|0|0|0|0|0|0|0|0|0|0|0|0,2|0|0|0,2|0|0|0|0|1|1|1|1|1|1|1|1|1|0,6|0,2,6|0|0|0,2|0|0|0|0|0|0|0|0|0|0|0|0|0|0,2|0|0|0,2|0|0|0|0,1|0,1|0,1,6|4,3,1,3,6|1,3|1,3|1,3|1|1|1|0,6|0,2,6|0|0|0,2|0|0|0|0|0|0|0|0|0|0|0|0|0|0,2|0|0|0|0|0|0|0|0|1|1|1|1|1|1|1|1|0,6|0,2,6|0|0|0,2|0|0|0|0|0|0|0|0|0|0|0|0|0|0,2|0|0|0|0|0|0|0|0|1|1|1|1|1|1|1|1|0,6|1|0|0|0,2|0|0|0|0|0|0|0|0|0|0|0|0|0|0|0|0|0|0|0|0|0|0,1|0,1,6|4,3,1,3,6|1,3|1,3|1,3|1|1|1|0,6|0,2,6|0|0|0,2|0|0|0|0|0|0|0|0|0|0|0|0|0|0|0|0|0|0|0|0|0|0|1|1|1|1|1|1|1|1|0,6|0,2,6|0|0|0,2|0|0|0|0|0|0|0|0|0|0|0|0|0|0|0|0|0|0|0|0|0|0|1|1|1|1|1|1|1|1|0,6|0,2,6|0|0|0,2|0|0|0|0|0|0|0|0|0|0|0|0|0|0|0|0|0|0|0,1|0,1|0,1|0,1|0,1,6|4,3,1,3,6|1,3|1,3|1,3,4|1|1|1|0,6|0,2,6|0|0|0,2|0|0|0|0|0|0|0|0|0|0|0|0|0|0|0|0|0|0|0|0|0|0|1|1|1|1|1|1|1|1|0,6|0,2,6|0|0|0,2|0|0|0|0|0|0|0|0|0|0|0|0|0|0|0|0|0|0|0|0|0|0|1|1|1|1|1|1|1|1|0,6|0,2,6|0|0|0,2|0|0|0|0|0|0|0|0|0|0|0|0|0|0|0|0|0|0|0|0|0|0,1|0,1,6|4,3,1,3,6|1,3|1,3|1,3|1|1|1|0,6|1|1|1|1|0|0|0|0|0|0|0|0|0|0|0|0|0|0|0|0|0|0|0|0|0|0|1|1|1|1|1|1|1|1|0,6|1|1|1|1|0|0|0|0|0|0|0|0|0|0|0|0|0|0|0|0|0|0|0|0|0|0|1|1|1|1|1|1|1|1|0,6|1|1|1|1|0|0|0|0|0|0|0|0|0|0|0|0|0|0|0|0|0|0|0|0,1|0,1|0,1|0,1,6|4,3,1,3,6|1,3|1,3|1,3|1|1|1|0,6|1|1|1|1|0|0|0|0|0|0|0|0|0|0|0|0|0|0|0|0|0|0|0|0|0|0,6|1|1|1|1|1|1|1|1|0,6|1|1|1|1|0|0|0|0|0|0|0|0|0|0|0|0|0|0|0|0|0|0|0|0|0,6|0,6|1|1|1|1|1|1|1|1|0,6|1|1|1|1|0|0|0|0|0|0|0|0|0|0|0|0|0|0|0|0|0|0|0|0,6|0,1,6|0,1,6|0,1,6|4,3,1,3,6|1,3|1,3|1,3|1|1|1|0,6|1|1|1|1|0|0|0|0|0|0|0|0|0|0|0|0|0|0|0|0|0|0|0,6|0,6|0,6|0,6|1|1|1|1|1|1|1|1|0,6|0,2,6|0|0|0,2|0|0|0|0|0|0|0|0|0|0|0|0|0|0,2|0|0|0|0,6|0,6|0,6|0,6|0,6|1|1|1|1|1|1|1|1|0,6|0,2,6|0|0|0,2|0,6|0|0|0|0|0|0|0|0|0|0|0|0|0,2|0|0|0,6|0,6|0,6|0,6|0,6|0,6|1|1|1|1|1|1|1|1|0,6|0,2,6|0|0|0,2|0|0|0|0|0|0|0|0|0|0|0|0|0|1|0|0,6|0,6|0,6|0,6|0,6|0,6|0,6|1|1|1|1|1|1|1|1|0,6|0,2,6|0|0|1|0|0|0|0|0|0|0|0|0|0|0|0|0|1|0,6|0,6|0,6|0,6|0,6|0,6|0,6|0,6|0,2,6|0,6|1|1|1|1|1|1|0,6|0,2,6|0,6|0,6|1|0,6|0,6|0,6|0,6|0,6|0,6|0,6|0,6|0,6|0,6|0,6|0,6|0,6|0,2,6|0,6|0,6|0,6|0,6|0,6|0,6|0,6|0,6|0,2,6|0,6|1|1|1|1|1|1|0,6|0,2,6|0,6|0,6|0,2,6|0,6|0,6|0,6|0,6|0,6|0,6|0,6|0,6|0,6|0,6|0,6|0,6|0,6|1|0,6|0,6|0,6|0,6|0,6|0,6|0,6|0,6|1|0,6|1|1|1|1|1|1|0,6|0,2,6|0,6|0,6|0,2,6|0,6|0,6|0,6|0,6|0,6|0,6|0,6|0,6|0,6|0,6|0,6|0,6|0,6|0,2,6|0,6|0,6|0,6|0,6|0,6|0,6|0,6|0,6|0,2,6|0,6|1|1|1|1|1|1|0,6|0,2,6|0,6|0,6|0,2,6|0,6|0,6|0,6|0,6|0,6|0,6|0,6|0,6|0,6|0,6|0,6|0,6|0,6|0,2,6|0,6|0,6|0,2,6|0,6|1|1|1|1|1|1|1|1|1|1|1|1|1|0,2,1,6|1|1|0,2,1,6|1|1|1|0,1,6|0,1,6|1|1|1|1|1|1|0,6|0,6|0,2,6|0,6|0,6|1|0,6|1|1|1|1|1|1|1|1|1|1|1|1|1|4,3,6|1|1|0,6|1|1|1|0,6|0,6|1|1|1|1|1|1|0,6|0,6|0,2,6|0,6|0,6|0,2,6|0,6|1|1|1|1|1|1|1|1|1|1|1|1|1|1,3|1|1|0,6|1|1|1|0,6|0,6|1|1|1|1|1|1|0,6|0,6|0,2,6|0,6|0,6|0,2,6|0,6|1|1|1|1|1|1|1|1|1|1|1|1|1|1,3|1|1|4,3,3,6|1|1|1|1|1|1|1|1|1|1|1|1|1|0,2,6|1|1|0,2,6|1|1|1|1|1|1|1|1|1|1|1|1|1|1|1,3|1|1|1,3|1|1|1|1|1|1|1|1|1|1|1|1|1|4,3,2,6|1|1|4,3,2,6|1|1|1|1|1|1|1|1|1|1|1|1|1|1|1,3|1|1|1,3,4|1|1|1|1|1|1|1|1|1|1|1|1|1|1,3|1|1|1,3|1|1|1|1|1|1|1|1|1|1|
