TX_UH12: 1322,3630,152,35
TX_S_LEG: 698,4308,48,35
TX_LEG02: 746,4078,48,74
TX_LEGTEST: 686,4059,48,35
TX_S03: 631,4073,48,35
TX_LEG06: 744,3956,48,115
TX_LEG00: 689,3825,100,75
TX_UH02: 494,3574,48,35
TX_LEG10: 1317,3671,48,155
TX_LEG11: 1257,3801,48,115
TX_LEG12: 1311,3872,48,155
TX_M02: 1514,2552,48,35
TX_M03: 1519,2471,48,75
TX_M01: 1359,2556,152,35
TX_M04: 1412,2457,100,35
TX_M05: 1361,2400,48,75
TX_M06: 1423,2384,100,35
TX_M07: 1497,2265,48,115
TX_M08: 1556,2241,100,35
TX_M10: 1696,3602,100,35
TX_M11: 1777,3519,48,75
TX_M12: 1828,3522,48,35
TX_W03: 1480,3413,48,115
TX_W04: 1423,3395,48,35
TX_W05: 1480,3254,48,155
TX_W06: 1476,3217,58,35
TX_W07: 1479,3100,48,115
GATE_TX_TS: 408,3438,48,35
TX_HALL: 264,3474,152,33
TX_W08: 1425,3084,48,35
TX_W09: 1478,2943,48,155
TX_W10: 1374,2953,100,35
TX_R01: 1144,2914,256,35
TX_R02: 1090,2914,48,35
TX_LEG08: 683,3627,111,78
TX_W02V2: 1476,3528,59,79
TX_LEG04: 796,3878,48,155
TX_D03V2: 798,4051,48,155
TX_W01: 1474,3613,110,40
TX_UH05: 107,3474,154,122
TX_M09: 1641,2165,48,79
TX_UH04: 265,3519,48,83
TX_UH09: 967,3619,51,77
TX_UH08: 911,3566,52,55
TX_UH07: 796,3612,110,47
TX_UH16: 21,3596,60,123
TX_UH01: 529,3612,152,44
TX_UH10: 1013,3572,48,35
TX_UH11: 1051,3629,152,35
TX_LEG09: 1213,3626,100,75
TX_LEG07: 795,3705,48,155
TX_UH03: 288,3611,226,39
TX_S04: 59,3553,48,35
TX_UH15: 59,3515,48,35
TX_UH14: 10,3472,48,75
TX_D02X: 749,4190,48,156
